01	NO	12	5	FB	146432	1	02	0	28000	938532	N	31/03/2005 00:00:00	0	0	0	N	0	0	0			0	0			0	28000	0	40	40
01	NO	12	8	FB	146674	1	02	0	22000	737418	N	02/04/2005 00:00:00	0	0	0	N	0	0	0			0	0			0	22000	0	40	40
01	NO	12	3	FB	146334	1	02	0	24000	804456	N	30/03/2005 00:00:00	0	0	0	N	0	0	0			0	0			0	24000	0	40	40
01	NO	12	4	FB	146338	1	02	0	2000	67038	N	30/03/2005 00:00:00	0	0	0	N	0	0	0			0	0			0	2000	0	40	40
01	NO	12	2	FB	146232	1	02	0	20000	670380	N	29/03/2005 00:00:00	0	0	0	N	0	0	0			0	0			0	20000	0	40	40
01	NO	12	7	FB	146553	1	02	0	4000	134076	N	01/04/2005 00:00:00	0	0	0	N	0	0	0			0	0			0	4000	0	40	40
01	NO	12	9	FB	146778	1	02	0	20000	670380	N	03/04/2005 00:00:00	0	0	0	N	0	0	0			0	0			0	20000	0	40	40
01	NO	12	6	FB	146552	1	02	0	28000	938532	N	01/04/2005 00:00:00	0	0	0	N	0	0	0			0	0			0	28000	0	40	40
01	NO	12	1	FB	146155	1	02	0	28000	938532	N	28/03/2005 00:00:00	0	0	0	N	0	0	0			0	0			0	28000	0	40	40
01	NO	13	4	FB	144129	1	02	0	12000	402228	N	05/03/2005 00:00:00	0	0	0	N	0	0	0			0	0			0	12000	0	40	40
01	NO	13	11	FB	145245	1	02	0	12000	356988	N	17/03/2005 00:00:00	0	0	0	N	0	0	0			0	0			0	12000	0	40	40
01	NO	13	3	FB	143984	1	02	0	12000	402228	N	04/03/2005 00:00:00	0	0	0	N	0	0	0			0	0			0	12000	0	40	40
01	NO	13	9	FB	145022	1	01	0	480	11520	N	14/03/2005 00:00:00	0	0	0	N	0	0	0			0	0			0	480	0	40	40
01	NO	13	6	FB	144664	1	02	0	12000	402228	N	11/03/2005 00:00:00	0	0	0	N	0	0	0			0	0			0	12000	0	40	40
01	NO	13	2	FB	143820	1	01	0	1440	34560	N	03/03/2005 00:00:00	0	0	0	N	0	0	0			0	0			0	1440	0	40	40
01	NO	13	13	FB	145751	1	02	0	18000	603342	N	22/03/2005 00:00:00	0	0	0	N	0	0	0			0	0			0	18000	0	40	40
01	NO	13	7	FB	144851	1	01	0	1440	34560	N	13/03/2005 00:00:00	0	0	0	N	0	0	0			0	0			0	1440	0	40	40
01	NO	13	12	FB	145737	1	01	0	2160	51840	N	22/03/2005 00:00:00	0	0	0	N	0	0	0			0	0			0	2160	0	40	40
01	NO	13	1	FB	143052	1	01	0	1200	28800	N	24/02/2005 00:00:00	0	0	0	N	0	0	0			0	0			0	1200	0	40	18
01	NO	13	8	FB	144951	1	02	0	12000	402228	N	14/03/2005 00:00:00	0	0	0	N	0	0	0			0	0			0	12000	0	40	40
01	NO	13	10	FB	145023	1	02	0	4000	134076	N	14/03/2005 00:00:00	0	0	0	N	0	0	0			0	0			0	4000	0	40	40
01	NO	13	5	FB	144595	1	01	0	1440	34560	N	10/03/2005 00:00:00	0	0	0	N	0	0	0			0	0			0	1440	0	40	40
01	NO	14	2	FB	137286	1	02	0	573	0	S	30/12/2004 00:00:00	0	0	0	N	0	0	0			0	0			0	0	0	40	18
01	NO	14	1	FB	137070	1	02	0	573	0	S	28/12/2004 00:00:00	0	0	0	N	0	0	0			0	0			0	0	0	40	18
01	NO	15	1	FB	146757	1	02	0	21342	0	S	02/04/2005 00:00:00	0	0	0	N	0	0	0			0	0			0	0	0	40	40
01	NO	16	5	FB	147291	1	02	0	24000	804456	N	08/04/2005 00:00:00	0	0	0	N	0	0	0			0	0			0	24000	0	40	40
01	NO	16	2	FB	146984	1	02	0	10000	335190	N	05/04/2005 00:00:00	0	0	0	N	0	0	0			0	0			0	10000	0	40	40
01	NO	16	1	FB	146837	1	02	0	24000	804456	N	04/04/2005 00:00:00	0	0	0	N	0	0	0			0	0			0	24000	0	40	40
01	NO	16	3	FB	147055	1	02	0	16000	536304	N	06/04/2005 00:00:00	0	0	0	N	0	0	0			0	0			0	16000	0	40	40
01	NO	16	4	FB	147163	1	02	0	24000	804456	N	07/04/2005 00:00:00	0	0	0	N	0	0	0			0	0			0	24000	0	40	40
01	NO	17	5	FB	147674	1	02	0	10000	335190	N	12/04/2005 00:00:00	0	0	0	N	0	0	0			0	0			0	10000	0	40	40
01	NO	17	11	FB	148031	1	02	0	2000	67038	N	15/04/2005 00:00:00	0	0	0	N	0	0	0			0	0			0	2000	0	40	40
01	NO	17	2	FB	147495	1	02	0	20000	670380	N	10/04/2005 00:00:00	0	0	0	N	0	0	0			0	0			0	20000	0	40	40
01	NO	17	12	FB	148150	1	02	0	20000	670380	N	16/04/2005 00:00:00	0	0	0	N	0	0	0			0	0			0	20000	0	40	40
01	NO	17	1	FB	147428	1	02	0	24000	804456	N	09/04/2005 00:00:00	0	0	0	N	0	0	0			0	0			0	24000	0	40	40
01	NO	17	4	FB	147598	1	02	0	2000	67038	N	11/04/2005 00:00:00	0	0	0	N	0	0	0			0	0			0	2000	0	40	40
01	NO	17	10	FB	148030	1	02	0	20000	670380	N	15/04/2005 00:00:00	0	0	0	N	0	0	0			0	0			0	20000	0	40	40
01	NO	17	9	FB	147888	1	02	0	2000	67038	N	14/04/2005 00:00:00	0	0	0	N	0	0	0			0	0			0	2000	0	40	40
01	NO	17	8	FB	147886	1	02	0	22000	737418	N	14/04/2005 00:00:00	0	0	0	N	0	0	0			0	0			0	22000	0	40	40
01	NO	17	7	FB	147823	1	02	0	2000	67038	N	13/04/2005 00:00:00	0	0	0	N	0	0	0			0	0			0	2000	0	40	40
01	NO	17	3	FB	147575	1	02	0	10000	335190	N	11/04/2005 00:00:00	0	0	0	N	0	0	0			0	0			0	10000	0	40	40
01	NO	17	6	FB	147783	1	02	0	16000	536304	N	13/04/2005 00:00:00	0	0	0	N	0	0	0			0	0			0	16000	0	40	40
01	NO	17	13	FB	148233	1	02	0	20000	670380	N	17/04/2005 00:00:00	0	0	0	N	0	0	0			0	0			0	20000	0	40	40
01	NO	18	1	FB	144772	1	01	0	1440	34560	N	12/03/2005 00:00:00	0	0	0	N	0	0	0			0	0			0	0	0	40	40
01	NO	18	2	FB	146306	1	01	0	1440	34560	N	30/03/2005 00:00:00	0	0	0	N	0	0	0			0	0			0	0	0	40	40
01	NO	18	4	FB	146366	1	02	0	15600	488628	N	30/03/2005 00:00:00	0	0	0	N	0	0	0			0	0			0	0	0	40	40
01	NO	18	3	FB	144776	1	02	0	15600	488628	N	12/03/2005 00:00:00	0	0	0	N	0	0	0			0	0			0	0	0	40	40
01	NO	19	2	FB	148447	1	02	0	22000	737418	N	19/04/2005 00:00:00	0	0	0	N	0	0	0			0	0			0	22000	0	40	40
01	NO	19	4	FB	148651	1	02	0	20000	670380	N	21/04/2005 00:00:00	0	0	0	N	0	0	0			0	0			0	20000	0	40	40
01	NO	19	3	FB	148542	1	02	0	10000	335190	N	20/04/2005 00:00:00	0	0	0	N	0	0	0			0	0			0	10000	0	40	40
01	NO	19	7	FB	148992	1	02	0	20000	670380	N	24/04/2005 00:00:00	0	0	0	N	0	0	0			0	0			0	20000	0	40	40
01	NO	19	6	FB	148889	1	02	0	24000	804456	N	23/04/2005 00:00:00	0	0	0	N	0	0	0			0	0			0	24000	0	40	40
01	NO	19	5	FB	148788	1	02	0	22000	737418	N	22/04/2005 00:00:00	0	0	0	N	0	0	0			0	0			0	22000	0	40	40
01	NO	19	1	FB	148321	1	02	0	22000	737418	N	18/04/2005 00:00:00	0	0	0	N	0	0	0			0	0			0	22000	0	40	40
